000000000000000000000000000000000000000000000000000000000000000000000000000000000000000000000000000000000000000000000000000000000000000000000000000000000000000000000000000000000000000000000000000000000000000000000000000000000000
000000000000000000000000000000000000000000000000000000000000000000000000000000000000000000000000000000000000000000000000000000000000000000000000000000000000000000000000000000000000000000000000000000000000000000000000000000000000
000000000000000000000000000000000000000000000000000000000000000000000000000000000000000000000000000000000000000000000000000000000000000000000000000000000000000000000000000000000000000000000000000000000000000000000000000000000000
000000000000000000000000000000000000000000000000000000000000000000000000000000000000000000000000000000000000000000000000000000000000000000000000000000000000000000000000000000000000000000000000000000000000000000000000000000000000
000000000000000000000000000000000000000000000000000000000000000000000000000000000000000000000000000000000000000000000000000000000000000000000000000000000000000000000000000000000000000000000000000000000000000000000000000000000000
000000000000000000000000000000000000000000000000000000000000000000000000000000000000000000000000000000000000000000000000000000000000000000000000000000000000000000000000000000000000000000000000000000000000000000000000000000000000
000000000000000000000000000000000000000000000000000000000000000000000000000000000000000000000000000000000000000000000000000000000000000000000000000000000000000000000000000000000000000000000000000000000000000000000000000000000000
000000000000000000000000000000000000000000000000000000000000000000000000000000000000000000000000000000000000000000000000000000000000000000000000000000000000000000000000000000000000000000000000000000000000000000000000000000000000
000000000000000000000000000000000000000000000000000000000000000000000000000000000000000000000000000000000000000000000000000000000000000000000000000000000000000000000000000000000000000000000000000000000000000000000000000000000000
000000000000000000000000000000000000000000000000000000000000000000000000000000000000000000000000000000000000000000000000000000000000000000000000000000000000000000000000000000000000000000000000000000000000000000000000000000000000
000000000000000000000000000000000000000000000000000000000000000000000000000000000000000000000000000000000000000000000000000000000000000000000000000000000000000000000000000000000000000000000000000000000000000000000000000000000000
000000000000000000000000000000000000000000000000000000000000000000000000000000000000000000000000000000000000000000000000000000000000000000000000000000000000000000000000000000000000000000000000000000000000000000000000000000000000
000000000000000000000000000000000000000000000000000000000000000000000000000000000000000000000000000000000000000000000000000000000000000000000000000000000000000000000000000000000000000000000000000000000000000000000000000000000000
000000000000000000000000000000000000000000000000000000000000000000000000000000000000000000000000000000000000000000000000000000000000000000000000000000000000000000000000000000000000000000000000000000000000000000000000000000000000
000000000000000000000000000000000000000000000000000000000000000000000000000000000000000000000000000000000000000000000000000000000000000000000000000000000000000000000000000000000000000000000000000000000000000000000000000000000000
000000000000000000000000000000000000000000000000000000000000000000000000000000000000000000000000000000000000000000000000000000000000000000000000000000000000000000000000000000000000000000000000000000000000000000000000000000000000
000000000000000000000000000000000000000000000000000000000000000000000000000000000000000000000000000000000000000000000000000000000000000000000000000000000000000000000000000000000000000000000000000000000000000000000000000000000000
000000000000000000000000000000000000000000000000000000000000000000000000000000000000000000000000000000000000000000000000000000000000000000000000000000000000000000000000000000000000000000000000000000000000000000000000000000000000
000000711111111111111111111111111111111111111111111111100000000000000000000000211111112111111121111111211111112111111121111111211111112111111121111111200000000000000000000000111111111111111111111111111111111111111111111111700000
000000000000000000000000000000000000000000000000000000100000000000000000000000100000000000000000000000000000000000000000000000000000000000000000000000100000000000000000000000100000000000000000000000000000000000000000000000000000
000000000000000000000000000000000000000000000000000000100000000000000000000000100000000000000000000000000000000000000000000000000000000000000000000000100000000000000000000000100000000000000000000000000000000000000000000000000000
000000000000000000000000000000000000000000000000000000100000000000000000000000100000000000000000000000000000000000000000000000000000000000000000000000100000000000000000000000100000000000000000000000000000000000000000000000000000
000000000000000000000000000000000000000000000000000000100000000000000000000000100000000000000000000000000000000000000000000000000000000000000000000000100000000000000000000000100000000000000000000000000000000000000000000000000000
000000000000000000000000000000000000000000000000000000100000000000000000000000100000000000000000000000000000000000000000000000000000000000000000000000100000000000000000000000100000000000000000000000000000000000000000000000000000
000000000000000000000000000000000000000000000000000000100000000000000000000000100000000000000000000000000000000000000000000000000000000000000000000000100000000000000000000000100000000000000000000000000000000000000000000000000000
000000000000000000000000000000000000000000000000000000100000000000000000000000100000000000000000000000000000000000000000000000000000000000000000000000100000000000000000000000100000000000000000000000000000000000000000000000000000
000000000000000000000000000000000000000000000000000000100000000000000000000000200000000000000000000000000000000000000000000000000000000000000000000000200000000000000000000000100000000000000000000000000000000000000000000000000000
000000000000000000000000000000000000000000000000000000100000000000000000000000100000000000000000000000000000000000000000000000000000000000000000000000100000000000000000000000100000000000000000000000000000000000000000000000000000
000000000000000000000000000000000000000000000000000000100000000000000000000000100000000000000000000000000000000000000000000000000000000000000000000000100000000000000000000000100000000000000000000000000000000000000000000000000000
000000000000000000000000000000000000000000000000000000100000000000000000000000100000000000000000000000000000000000000000000000000000000000000000000000100000000000000000000000100000000000000000000000000000000000000000000000000000
000000000000000000000000000000000000000000000000000000100000000000000000000000100000000000000000000000000000000000000000000000000000000000000000000000100000000000000000000000100000000000000000000000000000000000000000000000000000
000000000000000000000000000000000000000000000000000000100000000000000000000000100000000000000000000000000000000000000000000000000000000000000000000000100000000000000000000000100000000000000000000000000000000000000000000000000000
000000000000000000000000000000000000000000000000000000100000000000000000000000100000000000000000000000000000000000000000000000000000000000000000000000100000000000000000000000100000000000000000000000000000000000000000000000000000
000000000000000000000000000000000000000000000000000000100000000000000000000000100000000000000000000000000000000000000000000000000000000000000000000000100000000000000000000000100000000000000000000000000000000000000000000000000000
000000000000000000000000000000000000000000000000000000100000000000000000000000200000000000000000000000000000000000000000000000000000000000000000000000200000000000000000000000100000000000000000000000000000000000000000000000000000
000000000000000000000000000000000000000000000000000000100000000000000000000000100000000000000000000000000000000000000000000000000000000000000000000000100000000000000000000000100000000000000000000000000000000000000000000000000000
000000000000000000000000000000000000000000000000000000100000000000000000000000100000000000000000000000000000000000000000000000000000000000000000000000100000000000000000000000100000000000000000000000000000000000000000000000000000
000000000000000000000000000000000000000000000000000000100000000000000000000000100000000000000000000000000000000000000000000000000000000000000000000000100000000000000000000000100000000000000000000000000000000000000000000000000000
000000000000000000000000000000000000000000000000000000100000000000000000000000100000000000000000000000000000000000000000000000000000000000000000000000100000000000000000000000100000000000000000000000000000000000000000000000000000
000000000000000000000000000000000000000000000000000000100000000000000000000000100000000000000000000000000000000000000000000000000000000000000000000000100000000000000000000000100000000000000000000000000000000000000000000000000000
000000000000000000000000000000000000000000000000000000100000000000000000000000100000000000000000000000000000000000000000000000000000000000000000000000100000000000000000000000100000000000000000000000000000000000000000000000000000
000000000000000000000000000000000000000000000000000000100000000000000000000000100000000000000000000000000000000000000000000000000000000000000000000000100000000000000000000000100000000000000000000000000000000000000000000000000000
000000000000003111111121111111211111112111111121111111211111112111111121111111211111112111111121111111200000000000000000000000211111112111111121111111211111112111111121111111211111112111111121111111211111112111111130000000000000
000000000000001000000000000000000000000000000000000000000000000000000000000000100000000000000000000000100000000000000000000000100000000000000000000000100000000000000000000000000000000000000000000000000000000000000010000000000000
000000000000001000000000000000000000000000000000000000000000000000000000000000100000000000000000000000100000000000000000000000100000000000000000000000100000000000000000000000000000000000000000000000000000000000000010000000000000
000000000000001000000000000000000000000000000000000000000000000000000000000000100000000000000000000000100000000000000000000000100000000000000000000000100000000000000000000000000000000000000000000000000000000000000010000000000000
000000000000001000000000000000000000000000000000000000000000000000000000000000100000000000000000000000100000000000000000000000100000000000000000000000100000000000000000000000000000000000000000000000000000000000000010000000000000
000000000000001000000000000000000000000000000000000000000000000000000000000000100000000000000000000000100000000000000000000000100000000000000000000000100000000000000000000000000000000000000000000000000000000000000010000000000000
000000000000001000000000000000000000000000000000000000000000000000000000000000100000000000000000000000100000000000000000000000100000000000000000000000100000000000000000000000000000000000000000000000000000000000000010000000000000
000000000000001000000000000000000000000000000000000000000000000000000000000000100000000000000000000000100000000000000000000000100000000000000000000000100000000000000000000000000000000000000000000000000000000000000010000000000000
000000000000002000000000000000000000000000000000000000000000000000000000000000200000000000000000000000200000000000000000000000200000000000000000000000200000000000000000000000000000000000000000000000000000000000000020000000000000
000000000000001000000000000000000000000000000000000000000000000000000000000000100000000000000000000000100000000000000000000000100000000000000000000000100000000000000000000000000000000000000000000000000000000000000010000000000000
000000000000001000000000000000000000000000000000000000000000000000000000000000100000000000000000000000100000000000000000000000100000000000000000000000100000000000000000000000000000000000000000000000000000000000000010000000000000
000000000000001000000000000000000000000000000000000000000000000000000000000000100000000000000000000000100000000000000000000000100000000000000000000000100000000000000000000000000000000000000000000000000000000000000010000000000000
000000000000001000000000000000000000000000000000000000000000000000000000000000100000000000000000000000100000000000000000000000100000000000000000000000100000000000000000000000000000000000000000000000000000000000000010000000000000
000000000000001000000000000000000000000000000000000000000000000000000000000000100000000000000000000000100000000000000000000000100000000000000000000000100000000000000000000000000000000000000000000000000000000000000010000000000000
000000000000001000000000000000000000000000000000000000000000000000000000000000100000000000000000000000100000000000000000000000100000000000000000000000100000000000000000000000000000000000000000000000000000000000000010000000000000
000000000000001000000000000000000000000000000000000000000000000000000000000000100000000000000000000000100000000000000000000000100000000000000000000000100000000000000000000000000000000000000000000000000000000000000010000000000000
000000000000002000000000000000000000000000000000000000000000000000000000000000200000000000000000000000200000000000000000000000200000000000000000000000200000000000000000000000000000000000000000000000000000000000000020000000000000
000000000000001000000000000000000000000000000000000000000000000000000000000000100000000000000000000000100000000000000000000000100000000000000000000000100000000000000000000000000000000000000000000000000000000000000010000000000000
000000000000001000000000000000000000000000000000000000000000000000000000000000100000000000000000000000100000000000000000000000100000000000000000000000100000000000000000000000000000000000000000000000000000000000000010000000000000
000000000000001000000000000000000000000000000000000000000000000000000000000000100000000000000000000000100000000000000000000000100000000000000000000000100000000000000000000000000000000000000000000000000000000000000010000000000000
000000000000001000000000000000000000000000000000000000000000000000000000000000100000000000000000000000100000000000000000000000100000000000000000000000100000000000000000000000000000000000000000000000000000000000000010000000000000
000000000000001000000000000000000000000000000000000000000000000000000000000000100000000000000000000000100000000000000000000000100000000000000000000000100000000000000000000000000000000000000000000000000000000000000010000000000000
000000000000001000000000000000000000000000000000000000000000000000000000000000100000000000000000000000100000000000000000000000100000000000000000000000100000000000000000000000000000000000000000000000000000000000000010000000000000
000000000000001000000000000000000000000000000000000000000000000000000000000000100000000000000000000000100000000000000000000000100000000000000000000000100000000000000000000000000000000000000000000000000000000000000010000000000000
000000000000002000000000000000000000002111111121111111211111112111111121111111200000000000000000000000200000000000000000000000200000000000000000000000211111112111111121111111211111112111111120000000000000000000000020000000000000
000000000000001000000000000000000000001000000000000000000000000000000000000000100000000000000000000000100000000000000000000000100000000000000000000000100000000000000000000000000000000000000010000000000000000000000010000000000000
000000000000001000000000000000000000001000000000000000000000000000000000000000100000000000000000000000100000000000000000000000100000000000000000000000100000000000000000000000000000000000000010000000000000000000000010000000000000
000000000000001000000000000000000000001000000000000000000000000000000000000000100000000000000000000000100000000000000000000000100000000000000000000000100000000000000000000000000000000000000010000000000000000000000010000000000000
000000000000001000000000000000000000001000000000000000000000000000000000000000100000000000000000000000100000000000000000000000100000000000000000000000100000000000000000000000000000000000000010000000000000000000000010000000000000
000000000000001000000000000000000000001000000000000000000000000000000000000000100000000000000000000000100000000000000000000000100000000000000000000000100000000000000000000000000000000000000010000000000000000000000010000000000000
000000000000001000000000000000000000001000000000000000000000000000000000000000100000000000000000000000100000000000000000000000100000000000000000000000100000000000000000000000000000000000000010000000000000000000000010000000000000
000000000000001000000000000000000000001000000000000000000000000000000000000000100000000000000000000000100000000000000000000000100000000000000000000000100000000000000000000000000000000000000010000000000000000000000010000000000000
000000000000002000000000000000000000002000000000000000000000000000000000000000100000000000000000000000211111112111111121111111200000000000000000000000100000000000000000000000000000000000000020000000000000000000000020000000000000
000000000000001000000000000000000000001000000000000000000000000000000000000000100000000000000000000000000000000000000000000000000000000000000000000000100000000000000000000000000000000000000010000000000000000000000010000000000000
000000000000001000000000000000000000001000000000000000000000000000000000000000100000000000000000000000000000000000000000000000000000000000000000000000100000000000000000000000000000000000000010000000000000000000000010000000000000
000000000000001000000000000000000000001000000000000000000000000000000000000000100000000000000000000000000000000000000000000000000000000000000000000000100000000000000000000000000000000000000010000000000000000000000010000000000000
000000000000001000000000000000000000001000000000000000000000000000000000000000100000000000000000000000000000000000000000000000000000000000000000000000100000000000000000000000000000000000000010000000000000000000000010000000000000
000000000000001000000000000000000000001000000000000000000000000000000000000000100000000000000000000000000000000000000000000000000000000000000000000000100000000000000000000000000000000000000010000000000000000000000010000000000000
000000000000001000000000000000000000001000000000000000000000000000000000000000100000000000000000000000000000000000000000000000000000000000000000000000100000000000000000000000000000000000000010000000000000000000000010000000000000
000000000000001000000000000000000000001000000000000000000000000000000000000000100000000000000000000000000000000000000000000000000000000000000000000000100000000000000000000000000000000000000010000000000000000000000010000000000000
000000000000002000000000000000000000002000000000000000000000000000000000000000100000000000000000000000000000000000000000000000000000000000000000000000100000000000000000000000000000000000000020000000000000000000000020000000000000
000000000000001000000000000000000000001000000000000000000000000000000000000000100000000000000000000000000000000000000000000000000000000000000000000000100000000000000000000000000000000000000010000000000000000000000010000000000000
000000000000001000000000000000000000001000000000000000000000000000000000000000100000000000000000000000000000000000000000000000000000000000000000000000100000000000000000000000000000000000000010000000000000000000000010000000000000
000000000000001000000000000000000000001000000000000000000000000000000000000000100000000000000000000000000000000000000000000000000000000000000000000000100000000000000000000000000000000000000010000000000000000000000010000000000000
000000000000001000000000000000000000001000000000000000000000000000000000000000100000000000000000000000000000000000000000000000000000000000000000000000100000000000000000000000000000000000000010000000000000000000000010000000000000
000000000000001000000000000000000000001000000000000000000000000000000000000000100000000000000000000000000000000000000000000000000000000000000000000000100000000000000000000000000000000000000010000000000000000000000010000000000000
000000000000001000000000000000000000001000000000000000000000000000000000000000100000000000000000000000000000000000000000000000000000000000000000000000100000000000000000000000000000000000000010000000000000000000000010000000000000
000000000000001000000000000000000000001000000000000000000000000000000000000000100000000000000000000000000000000000000000000000000000000000000000000000100000000000000000000000000000000000000010000000000000000000000010000000000000
000000000000002111111121111111211111112111111121111111200000000000000000000000100000000000000000000000000000000000000000000000000000000000000000000000100000000000000000000000211111112111111121111111211111112111111120000000000000
000000000000000000000000000000000000000000000000000000100000000000000000000000100000000000000000000000000000000000000000000000000000000000000000000000100000000000000000000000100000000000000000000000000000000000000000000000000000
000000000000000000000000000000000000000000000000000000100000000000000000000000100000000000000000000000000000000000000000000000000000000000000000000000100000000000000000000000100000000000000000000000000000000000000000000000000000
000000000000000000000000000000000000000000000000000000100000000000000000000000100000000000000000000000000000000000000000000000000000000000000000000000100000000000000000000000100000000000000000000000000000000000000000000000000000
000000000000000000000000000000000000000000000000000000100000000000000000000000100000000000000000000000000000000000000000000000000000000000000000000000100000000000000000000000100000000000000000000000000000000000000000000000000000
000000000000000000000000000000000000000000000000000000100000000000000000000000100000000000000000000000000000000000000000000000000000000000000000000000100000000000000000000000100000000000000000000000000000000000000000000000000000
000000000000000000000000000000000000000000000000000000100000000000000000000000100000000000000000000000000000000000000000000000000000000000000000000000100000000000000000000000100000000000000000000000000000000000000000000000000000
000000000000000000000000000000000000000000000000000000100000000000000000000000100000000000000000000000000000000000000000000000000000000000000000000000100000000000000000000000100000000000000000000000000000000000000000000000000000
000000000000000000000000000000000000000000000000000000200000000000000000000000111111116111111111111111611111111111411111111111611111111111111161111111100000000000000000000000200000000000000000000000000000000000000000000000000000
000000000000000000000000000000000000000000000000000000100000000000000000000000100000000000000000000000000000000000000000000000000000000000000000000000100000000000000000000000100000000000000000000000000000000000000000000000000000
000000000000000000000000000000000000000000000000000000100000000000000000000000100000000000000000000000000000000000000000000000000000000000000000000000100000000000000000000000100000000000000000000000000000000000000000000000000000
000000000000000000000000000000000000000000000000000000100000000000000000000000100000000000000000000000000000000000000000000000000000000000000000000000100000000000000000000000100000000000000000000000000000000000000000000000000000
000000000000000000000000000000000000000000000000000000100000000000000000000000100000000000000000000000000000000000000000000000000000000000000000000000100000000000000000000000100000000000000000000000000000000000000000000000000000
000000000000000000000000000000000000000000000000000000100000000000000000000000100000000000000000000000000000000000000000000000000000000000000000000000100000000000000000000000100000000000000000000000000000000000000000000000000000
000000000000000000000000000000000000000000000000000000100000000000000000000000100000000000000000000000000000000000000000000000000000000000000000000000100000000000000000000000100000000000000000000000000000000000000000000000000000
000000000000000000000000000000000000000000000000000000100000000000000000000000100000000000000000000000000000000000000000000000000000000000000000000000100000000000000000000000100000000000000000000000000000000000000000000000000000
000000000000000000000000000000000000000000000000000000200000000000000000000000100000000000000000000000000000000000000000000000000000000000000000000000100000000000000000000000200000000000000000000000000000000000000000000000000000
000000000000000000000000000000000000000000000000000000100000000000000000000000100000000000000000000000000000000000000000000000000000000000000000000000100000000000000000000000100000000000000000000000000000000000000000000000000000
000000000000000000000000000000000000000000000000000000100000000000000000000000100000000000000000000000000000000000000000000000000000000000000000000000100000000000000000000000100000000000000000000000000000000000000000000000000000
000000000000000000000000000000000000000000000000000000100000000000000000000000100000000000000000000000000000000000000000000000000000000000000000000000100000000000000000000000100000000000000000000000000000000000000000000000000000
000000000000000000000000000000000000000000000000000000100000000000000000000000100000000000000000000000000000000000000000000000000000000000000000000000100000000000000000000000100000000000000000000000000000000000000000000000000000
000000000000000000000000000000000000000000000000000000100000000000000000000000100000000000000000000000000000000000000000000000000000000000000000000000100000000000000000000000100000000000000000000000000000000000000000000000000000
000000000000000000000000000000000000000000000000000000100000000000000000000000100000000000000000000000000000000000000000000000000000000000000000000000100000000000000000000000100000000000000000000000000000000000000000000000000000
000000000000000000000000000000000000000000000000000000100000000000000000000000100000000000000000000000000000000000000000000000000000000000000000000000100000000000000000000000100000000000000000000000000000000000000000000000000000
000000000000002111111121111111211111112111111121111111200000000000000000000000100000000000000000000000000000000000000000000000000000000000000000000000100000000000000000000000211111112111111121111111211111112111111120000000000000
000000000000001000000000000000000000000000000000000000100000000000000000000000100000000000000000000000000000000000000000000000000000000000000000000000100000000000000000000000100000000000000000000000000000000000000010000000000000
000000000000001000000000000000000000000000000000000000100000000000000000000000100000000000000000000000000000000000000000000000000000000000000000000000100000000000000000000000100000000000000000000000000000000000000010000000000000
000000000000001000000000000000000000000000000000000000100000000000000000000000100000000000000000000000000000000000000000000000000000000000000000000000100000000000000000000000100000000000000000000000000000000000000010000000000000
000000000000001000000000000000000000000000000000000000100000000000000000000000100000000000000000000000000000000000000000000000000000000000000000000000100000000000000000000000100000000000000000000000000000000000000010000000000000
000000000000001000000000000000000000000000000000000000100000000000000000000000100000000000000000000000000000000000000000000000000000000000000000000000100000000000000000000000100000000000000000000000000000000000000010000000000000
000000000000001000000000000000000000000000000000000000100000000000000000000000100000000000000000000000000000000000000000000000000000000000000000000000100000000000000000000000100000000000000000000000000000000000000010000000000000
000000000000001000000000000000000000000000000000000000100000000000000000000000100000000000000000000000000000000000000000000000000000000000000000000000100000000000000000000000100000000000000000000000000000000000000010000000000000
000000000000002000000000000000000000000000000000000000200000000000000000000000100000000000000000000000000000000000000000000000000000000000000000000000100000000000000000000000200000000000000000000000000000000000000020000000000000
000000000000001000000000000000000000000000000000000000100000000000000000000000100000000000000000000000000000000000000000000000000000000000000000000000100000000000000000000000100000000000000000000000000000000000000010000000000000
000000000000001000000000000000000000000000000000000000100000000000000000000000100000000000000000000000000000000000000000000000000000000000000000000000100000000000000000000000100000000000000000000000000000000000000010000000000000
000000000000001000000000000000000000000000000000000000100000000000000000000000100000000000000000000000000000000000000000000000000000000000000000000000100000000000000000000000100000000000000000000000000000000000000010000000000000
000000000000001000000000000000000000000000000000000000100000000000000000000000100000000000000000000000000000000000000000000000000000000000000000000000100000000000000000000000100000000000000000000000000000000000000010000000000000
000000000000001000000000000000000000000000000000000000100000000000000000000000100000000000000000000000000000000000000000000000000000000000000000000000100000000000000000000000100000000000000000000000000000000000000010000000000000
000000000000001000000000000000000000000000000000000000100000000000000000000000100000000000000000000000000000000000000000000000000000000000000000000000100000000000000000000000100000000000000000000000000000000000000010000000000000
000000000000001000000000000000000000000000000000000000100000000000000000000000100000000000000000000000000000000000000000000000000000000000000000000000100000000000000000000000100000000000000000000000000000000000000010000000000000
000000000000002000000000000000000000000000000000000000211111111111111111111111100000000000000000000000000000000000000000000000000000000000000000000000111111111111111111111111200000000000000000000000000000000000000020000000000000
000000000000001000000000000000000000000000000000000000100000000000000000000000100000000000000000000000000000000000000000000000000000000000000000000000100000000000000000000000100000000000000000000000000000000000000010000000000000
000000000000001000000000000000000000000000000000000000100000000000000000000000100000000000000000000000000000000000000000000000000000000000000000000000100000000000000000000000100000000000000000000000000000000000000010000000000000
000000000000001000000000000000000000000000000000000000100000000000000000000000100000000000000000000000000000000000000000000000000000000000000000000000100000000000000000000000100000000000000000000000000000000000000010000000000000
000000000000001000000000000000000000000000000000000000100000000000000000000000100000000000000000000000000000000000000000000000000000000000000000000000100000000000000000000000100000000000000000000000000000000000000010000000000000
000000000000001000000000000000000000000000000000000000100000000000000000000000100000000000000000000000000000000000000000000000000000000000000000000000100000000000000000000000100000000000000000000000000000000000000010000000000000
000000000000001000000000000000000000000000000000000000100000000000000000000000100000000000000000000000000000000000000000000000000000000000000000000000100000000000000000000000100000000000000000000000000000000000000010000000000000
000000000000001000000000000000000000000000000000000000100000000000000000000000100000000000000000000000000000000000000000000000000000000000000000000000100000000000000000000000100000000000000000000000000000000000000010000000000000
000000000000002111111121111111200000000000000000000000200000000000000000000000100000000000000000000000000000000000000000000000000000000000000000000000100000000000000000000000200000000000000000000000211111112111111120000000000000
000000000000000000000000000000100000000000000000000000100000000000000000000000100000000000000000000000000000000000000000000000000000000000000000000000100000000000000000000000100000000000000000000000100000000000000000000000000000
000000000000000000000000000000100000000000000000000000100000000000000000000000100000000000000000000000000000000000000000000000000000000000000000000000100000000000000000000000100000000000000000000000100000000000000000000000000000
000000000000000000000000000000100000000000000000000000100000000000000000000000100000000000000000000000000000000000000000000000000000000000000000000000100000000000000000000000100000000000000000000000100000000000000000000000000000
000000000000000000000000000000100000000000000000000000100000000000000000000000100000000000000000000000000000000000000000000000000000000000000000000000100000000000000000000000100000000000000000000000100000000000000000000000000000
000000000000000000000000000000100000000000000000000000100000000000000000000000100000000000000000000000000000000000000000000000000000000000000000000000100000000000000000000000100000000000000000000000100000000000000000000000000000
000000000000000000000000000000100000000000000000000000100000000000000000000000100000000000000000000000000000000000000000000000000000000000000000000000100000000000000000000000100000000000000000000000100000000000000000000000000000
000000000000000000000000000000100000000000000000000000100000000000000000000000100000000000000000000000000000000000000000000000000000000000000000000000100000000000000000000000100000000000000000000000100000000000000000000000000000
000000000000000000000000000000200000000000000000000000200000000000000000000000111111111111111111111111111111111111111111111111111111111111111111111111100000000000000000000000200000000000000000000000200000000000000000000000000000
000000000000000000000000000000100000000000000000000000100000000000000000000000000000000000000010000000000000000000000000000000000000001000000000000000000000000000000000000000100000000000000000000000100000000000000000000000000000
000000000000000000000000000000100000000000000000000000100000000000000000000000000000000000000010000000000000000000000000000000000000001000000000000000000000000000000000000000100000000000000000000000100000000000000000000000000000
000000000000000000000000000000100000000000000000000000100000000000000000000000000000000000000010000000000000000000000000000000000000001000000000000000000000000000000000000000100000000000000000000000100000000000000000000000000000
000000000000000000000000000000100000000000000000000000100000000000000000000000000000000000000010000000000000000000000000000000000000001000000000000000000000000000000000000000100000000000000000000000100000000000000000000000000000
000000000000000000000000000000100000000000000000000000100000000000000000000000000000000000000010000000000000000000000000000000000000001000000000000000000000000000000000000000100000000000000000000000100000000000000000000000000000
000000000000000000000000000000100000000000000000000000100000000000000000000000000000000000000010000000000000000000000000000000000000001000000000000000000000000000000000000000100000000000000000000000100000000000000000000000000000
000000000000000000000000000000100000000000000000000000100000000000000000000000000000000000000010000000000000000000000000000000000000001000000000000000000000000000000000000000100000000000000000000000100000000000000000000000000000
000000000000000000000000000000200000000000000000000000200000000000000000000000000000000000000010000000000000000000000000000000000000001000000000000000000000000000000000000000200000000000000000000000200000000000000000000000000000
000000000000000000000000000000100000000000000000000000100000000000000000000000000000000000000010000000000000000000000000000000000000001000000000000000000000000000000000000000100000000000000000000000100000000000000000000000000000
000000000000000000000000000000100000000000000000000000100000000000000000000000000000000000000010000000000000000000000000000000000000001000000000000000000000000000000000000000100000000000000000000000100000000000000000000000000000
000000000000000000000000000000100000000000000000000000100000000000000000000000000000000000000010000000000000000000000000000000000000001000000000000000000000000000000000000000100000000000000000000000100000000000000000000000000000
000000000000000000000000000000100000000000000000000000100000000000000000000000000000000000000010000000000000000000000000000000000000001000000000000000000000000000000000000000100000000000000000000000100000000000000000000000000000
000000000000000000000000000000100000000000000000000000100000000000000000000000000000000000000010000000000000000000000000000000000000001000000000000000000000000000000000000000100000000000000000000000100000000000000000000000000000
000000000000000000000000000000100000000000000000000000100000000000000000000000000000000000000010000000000000000000000000000000000000001000000000000000000000000000000000000000100000000000000000000000100000000000000000000000000000
000000000000000000000000000000100000000000000000000000100000000000000000000000000000000000000010000000000000000000000000000000000000001000000000000000000000000000000000000000100000000000000000000000100000000000000000000000000000
000000000000000000000000000000200000000000000000000000200000000000000000000000000000000000000010000000000000000000000000000000000000001000000000000000000000000000000000000000200000000000000000000000200000000000000000000000000000
000000000000000000000000000000100000000000000000000000100000000000000000000000000000000000000010000000000000000000000000000000000000001000000000000000000000000000000000000000100000000000000000000000100000000000000000000000000000
000000000000000000000000000000100000000000000000000000100000000000000000000000000000000000000010000000000000000000000000000000000000001000000000000000000000000000000000000000100000000000000000000000100000000000000000000000000000
000000000000000000000000000000100000000000000000000000100000000000000000000000000000000000000010000000000000000000000000000000000000001000000000000000000000000000000000000000100000000000000000000000100000000000000000000000000000
000000000000000000000000000000100000000000000000000000100000000000000000000000000000000000000010000000000000000000000000000000000000001000000000000000000000000000000000000000100000000000000000000000100000000000000000000000000000
000000000000000000000000000000100000000000000000000000100000000000000000000000000000000000000010000000000000000000000000000000000000001000000000000000000000000000000000000000100000000000000000000000100000000000000000000000000000
000000000000000000000000000000100000000000000000000000100000000000000000000000000000000000000010000000000000000000000000000000000000001000000000000000000000000000000000000000100000000000000000000000100000000000000000000000000000
000000000000000000000000000000100000000000000000000000100000000000000000000000000000000000000010000000000000000000000000000000000000001000000000000000000000000000000000000000100000000000000000000000100000000000000000000000000000
000000000000000000000000000000211111112111111121111111211111112111111121111111211111112111111120000000000000000000000000000000000000002111111121111111211111112111111121111111211111112111111121111111200000000000000000000000000000
000000000000000000000000000000100000000000000000000000000000000000000000000000000000000000000010000000000000000000000000000000000000001000000000000000000000000000000000000000000000000000000000000000100000000000000000000000000000
000000000000000000000000000000100000000000000000000000000000000000000000000000000000000000000010000000000000000000000000000000000000001000000000000000000000000000000000000000000000000000000000000000100000000000000000000000000000
000000000000000000000000000000100000000000000000000000000000000000000000000000000000000000000010000000000000000000000000000000000000001000000000000000000000000000000000000000000000000000000000000000100000000000000000000000000000
000000000000000000000000000000100000000000000000000000000000000000000000000000000000000000000010000000000000000000000000000000000000001000000000000000000000000000000000000000000000000000000000000000100000000000000000000000000000
000000000000000000000000000000100000000000000000000000000000000000000000000000000000000000000010000000000000000000000000000000000000001000000000000000000000000000000000000000000000000000000000000000100000000000000000000000000000
000000000000000000000000000000100000000000000000000000000000000000000000000000000000000000000010000000000000000000000000000000000000001000000000000000000000000000000000000000000000000000000000000000100000000000000000000000000000
000000000000000000000000000000100000000000000000000000000000000000000000000000000000000000000010000000000000000000000000000000000000001000000000000000000000000000000000000000000000000000000000000000100000000000000000000000000000
000000000000000000000000000000200000000000000000000000000000000000000000000000000000000000000020000000000000000000000000000000000000002000000000000000000000000000000000000000000000000000000000000000200000000000000000000000000000
000000000000000000000000000000100000000000000000000000000000000000000000000000000000000000000010000000000000000000000000000000000000001000000000000000000000000000000000000000000000000000000000000000100000000000000000000000000000
000000000000000000000000000000100000000000000000000000000000000000000000000000000000000000000010000000000000000000000000000000000000001000000000000000000000000000000000000000000000000000000000000000100000000000000000000000000000
000000000000000000000000000000100000000000000000000000000000000000000000000000000000000000000010000000000000000000000000000000000000001000000000000000000000000000000000000000000000000000000000000000100000000000000000000000000000
000000000000000000000000000000100000000000000000000000000000000000000000000000000000000000000010000000000000000000000000000000000000001000000000000000000000000000000000000000000000000000000000000000100000000000000000000000000000
000000000000000000000000000000100000000000000000000000000000000000000000000000000000000000000010000000000000000000000000000000000000001000000000000000000000000000000000000000000000000000000000000000100000000000000000000000000000
000000000000000000000000000000100000000000000000000000000000000000000000000000000000000000000010000000000000000000000000000000000000001000000000000000000000000000000000000000000000000000000000000000100000000000000000000000000000
000000000000000000000000000000100000000000000000000000000000000000000000000000000000000000000010000000000000000000000000000000000000001000000000000000000000000000000000000000000000000000000000000000100000000000000000000000000000
000000000000000000000000000000200000000000000000000000000000000000000000000000000000000000000020000000000000000000000000000000000000002000000000000000000000000000000000000000000000000000000000000000200000000000000000000000000000
000000000000000000000000000000100000000000000000000000000000000000000000000000000000000000000010000000000000000000000000000000000000001000000000000000000000000000000000000000000000000000000000000000100000000000000000000000000000
000000000000000000000000000000100000000000000000000000000000000000000000000000000000000000000010000000000000000000000000000000000000001000000000000000000000000000000000000000000000000000000000000000100000000000000000000000000000
000000000000000000000000000000100000000000000000000000000000000000000000000000000000000000000010000000000000000000000000000000000000001000000000000000000000000000000000000000000000000000000000000000100000000000000000000000000000
000000000000000000000000000000100000000000000000000000000000000000000000000000000000000000000010000000000000000000000000000000000000001000000000000000000000000000000000000000000000000000000000000000100000000000000000000000000000
000000000000000000000000000000100000000000000000000000000000000000000000000000000000000000000010000000000000000000000000000000000000001000000000000000000000000000000000000000000000000000000000000000100000000000000000000000000000
000000000000000000000000000000100000000000000000000000000000000000000000000000000000000000000010000000000000000000000000000000000000001000000000000000000000000000000000000000000000000000000000000000100000000000000000000000000000
000000000000000000000000000000100000000000000000000000000000000000000000000000000000000000000010000000000000000000000000000000000000001000000000000000000000000000000000000000000000000000000000000000100000000000000000000000000000
000000711111111111111111111111211111112111111121111111200000000000000000000000211111112111111121111111211111112111111151111111211111112111111121111111200000000000000000000000211111112111111121111111211111111111111111111111700000
000000000000000000000000000000100000000000000000000000100000000000000000000000100000000000000000000000000000000000000000000000000000000000000000000000100000000000000000000000100000000000000000000000100000000000000000000000000000
000000000000000000000000000000100000000000000000000000100000000000000000000000100000000000000000000000000000000000000000000000000000000000000000000000100000000000000000000000100000000000000000000000100000000000000000000000000000
000000000000000000000000000000100000000000000000000000100000000000000000000000100000000000000000000000000000000000000000000000000000000000000000000000100000000000000000000000100000000000000000000000100000000000000000000000000000
000000000000000000000000000000100000000000000000000000100000000000000000000000100000000000000000000000000000000000000000000000000000000000000000000000100000000000000000000000100000000000000000000000100000000000000000000000000000
000000000000000000000000000000100000000000000000000000100000000000000000000000100000000000000000000000000000000000000000000000000000000000000000000000100000000000000000000000100000000000000000000000100000000000000000000000000000
000000000000000000000000000000100000000000000000000000100000000000000000000000100000000000000000000000000000000000000000000000000000000000000000000000100000000000000000000000100000000000000000000000100000000000000000000000000000
000000000000000000000000000000100000000000000000000000100000000000000000000000100000000000000000000000000000000000000000000000000000000000000000000000100000000000000000000000100000000000000000000000100000000000000000000000000000
000000000000000000000000000000200000000000000000000000200000000000000000000000200000000000000000000000000000000000000000000000000000000000000000000000200000000000000000000000200000000000000000000000200000000000000000000000000000
000000000000000000000000000000100000000000000000000000100000000000000000000000100000000000000000000000000000000000000000000000000000000000000000000000100000000000000000000000100000000000000000000000100000000000000000000000000000
000000000000000000000000000000100000000000000000000000100000000000000000000000100000000000000000000000000000000000000000000000000000000000000000000000100000000000000000000000100000000000000000000000100000000000000000000000000000
000000000000000000000000000000100000000000000000000000100000000000000000000000100000000000000000000000000000000000000000000000000000000000000000000000100000000000000000000000100000000000000000000000100000000000000000000000000000
000000000000000000000000000000100000000000000000000000100000000000000000000000100000000000000000000000000000000000000000000000000000000000000000000000100000000000000000000000100000000000000000000000100000000000000000000000000000
000000000000000000000000000000100000000000000000000000100000000000000000000000100000000000000000000000000000000000000000000000000000000000000000000000100000000000000000000000100000000000000000000000100000000000000000000000000000
000000000000000000000000000000100000000000000000000000100000000000000000000000100000000000000000000000000000000000000000000000000000000000000000000000100000000000000000000000100000000000000000000000100000000000000000000000000000
000000000000000000000000000000100000000000000000000000100000000000000000000000100000000000000000000000000000000000000000000000000000000000000000000000100000000000000000000000100000000000000000000000100000000000000000000000000000
000000000000000000000000000000200000000000000000000000200000000000000000000000200000000000000000000000000000000000000000000000000000000000000000000000200000000000000000000000200000000000000000000000200000000000000000000000000000
000000000000000000000000000000100000000000000000000000100000000000000000000000100000000000000000000000000000000000000000000000000000000000000000000000100000000000000000000000100000000000000000000000100000000000000000000000000000
000000000000000000000000000000100000000000000000000000100000000000000000000000100000000000000000000000000000000000000000000000000000000000000000000000100000000000000000000000100000000000000000000000100000000000000000000000000000
000000000000000000000000000000100000000000000000000000100000000000000000000000100000000000000000000000000000000000000000000000000000000000000000000000100000000000000000000000100000000000000000000000100000000000000000000000000000
000000000000000000000000000000100000000000000000000000100000000000000000000000100000000000000000000000000000000000000000000000000000000000000000000000100000000000000000000000100000000000000000000000100000000000000000000000000000
000000000000000000000000000000100000000000000000000000100000000000000000000000100000000000000000000000000000000000000000000000000000000000000000000000100000000000000000000000100000000000000000000000100000000000000000000000000000
000000000000000000000000000000100000000000000000000000100000000000000000000000100000000000000000000000000000000000000000000000000000000000000000000000100000000000000000000000100000000000000000000000100000000000000000000000000000
000000000000000000000000000000100000000000000000000000100000000000000000000000100000000000000000000000000000000000000000000000000000000000000000000000100000000000000000000000100000000000000000000000100000000000000000000000000000
000000000000003111111121111111200000000000000000000000211111112111111121111111211111112111111121111111200000000000000000000000211111112111111121111111211111112111111121111111200000000000000000000000211111112111111130000000000000
000000000000001000000000000000000000000000000000000000100000000000000000000000000000000000000000000000100000000000000000000000100000000000000000000000000000000000000000000000100000000000000000000000000000000000000010000000000000
000000000000001000000000000000000000000000000000000000100000000000000000000000000000000000000000000000100000000000000000000000100000000000000000000000000000000000000000000000100000000000000000000000000000000000000010000000000000
000000000000001000000000000000000000000000000000000000100000000000000000000000000000000000000000000000100000000000000000000000100000000000000000000000000000000000000000000000100000000000000000000000000000000000000010000000000000
000000000000001000000000000000000000000000000000000000100000000000000000000000000000000000000000000000100000000000000000000000100000000000000000000000000000000000000000000000100000000000000000000000000000000000000010000000000000
000000000000001000000000000000000000000000000000000000100000000000000000000000000000000000000000000000100000000000000000000000100000000000000000000000000000000000000000000000100000000000000000000000000000000000000010000000000000
000000000000001000000000000000000000000000000000000000100000000000000000000000000000000000000000000000100000000000000000000000100000000000000000000000000000000000000000000000100000000000000000000000000000000000000010000000000000
000000000000001000000000000000000000000000000000000000100000000000000000000000000000000000000000000000100000000000000000000000100000000000000000000000000000000000000000000000100000000000000000000000000000000000000010000000000000
000000000000002000000000000000000000000000000000000000200000000000000000000000000000000000000000000000200000000000000000000000200000000000000000000000000000000000000000000000200000000000000000000000000000000000000020000000000000
000000000000001000000000000000000000000000000000000000100000000000000000000000000000000000000000000000100000000000000000000000100000000000000000000000000000000000000000000000100000000000000000000000000000000000000010000000000000
000000000000001000000000000000000000000000000000000000100000000000000000000000000000000000000000000000100000000000000000000000100000000000000000000000000000000000000000000000100000000000000000000000000000000000000010000000000000
000000000000001000000000000000000000000000000000000000100000000000000000000000000000000000000000000000100000000000000000000000100000000000000000000000000000000000000000000000100000000000000000000000000000000000000010000000000000
000000000000001000000000000000000000000000000000000000100000000000000000000000000000000000000000000000100000000000000000000000100000000000000000000000000000000000000000000000100000000000000000000000000000000000000010000000000000
000000000000001000000000000000000000000000000000000000100000000000000000000000000000000000000000000000100000000000000000000000100000000000000000000000000000000000000000000000100000000000000000000000000000000000000010000000000000
000000000000001000000000000000000000000000000000000000100000000000000000000000000000000000000000000000100000000000000000000000100000000000000000000000000000000000000000000000100000000000000000000000000000000000000010000000000000
000000000000001000000000000000000000000000000000000000100000000000000000000000000000000000000000000000100000000000000000000000100000000000000000000000000000000000000000000000100000000000000000000000000000000000000010000000000000
000000000000002000000000000000000000000000000000000000200000000000000000000000000000000000000000000000200000000000000000000000200000000000000000000000000000000000000000000000200000000000000000000000000000000000000020000000000000
000000000000001000000000000000000000000000000000000000100000000000000000000000000000000000000000000000100000000000000000000000100000000000000000000000000000000000000000000000100000000000000000000000000000000000000010000000000000
000000000000001000000000000000000000000000000000000000100000000000000000000000000000000000000000000000100000000000000000000000100000000000000000000000000000000000000000000000100000000000000000000000000000000000000010000000000000
000000000000001000000000000000000000000000000000000000100000000000000000000000000000000000000000000000100000000000000000000000100000000000000000000000000000000000000000000000100000000000000000000000000000000000000010000000000000
000000000000001000000000000000000000000000000000000000100000000000000000000000000000000000000000000000100000000000000000000000100000000000000000000000000000000000000000000000100000000000000000000000000000000000000010000000000000
000000000000001000000000000000000000000000000000000000100000000000000000000000000000000000000000000000100000000000000000000000100000000000000000000000000000000000000000000000100000000000000000000000000000000000000010000000000000
000000000000001000000000000000000000000000000000000000100000000000000000000000000000000000000000000000100000000000000000000000100000000000000000000000000000000000000000000000100000000000000000000000000000000000000010000000000000
000000000000001000000000000000000000000000000000000000100000000000000000000000000000000000000000000000100000000000000000000000100000000000000000000000000000000000000000000000100000000000000000000000000000000000000010000000000000
000000000000002111111121111111211111112111111121111111211111112111111121111111211111112111111121111111211111112111111121111111211111112111111121111111211111112111111121111111211111112111111121111111211111112111111120000000000000
000000000000000000000000000000000000000000000000000000000000000000000000000000000000000000000000000000000000000000000000000000000000000000000000000000000000000000000000000000000000000000000000000000000000000000000000000000000000
000000000000000000000000000000000000000000000000000000000000000000000000000000000000000000000000000000000000000000000000000000000000000000000000000000000000000000000000000000000000000000000000000000000000000000000000000000000000
000000000000000000000000000000000000000000000000000000000000000000000000000000000000000000000000000000000000000000000000000000000000000000000000000000000000000000000000000000000000000000000000000000000000000000000000000000000000
000000000000000000000000000000000000000000000000000000000000000000000000000000000000000000000000000000000000000000000000000000000000000000000000000000000000000000000000000000000000000000000000000000000000000000000000000000000000
000000000000000000000000000000000000000000000000000000000000000000000000000000000000000000000000000000000000000000000000000000000000000000000000000000000000000000000000000000000000000000000000000000000000000000000000000000000000
000000000000000000000000000000000000000000000000000000000000000000000000000000000000000000000000000000000000000000000000000000000000000000000000000000000000000000000000000000000000000000000000000000000000000000000000000000000000
000000000000000000000000000000000000000000000000000000000000000000000000000000000000000000000000000000000000000000000000000000000000000000000000000000000000000000000000000000000000000000000000000000000000000000000000000000000000
000000000000000000000000000000000000000000000000000000000000000000000000000000000000000000000000000000000000000000000000000000000000000000000000000000000000000000000000000000000000000000000000000000000000000000000000000000000000
000000000000000000000000000000000000000000000000000000000000000000000000000000000000000000000000000000000000000000000000000000000000000000000000000000000000000000000000000000000000000000000000000000000000000000000000000000000000
000000000000000000000000000000000000000000000000000000000000000000000000000000000000000000000000000000000000000000000000000000000000000000000000000000000000000000000000000000000000000000000000000000000000000000000000000000000000
000000000000000000000000000000000000000000000000000000000000000000000000000000000000000000000000000000000000000000000000000000000000000000000000000000000000000000000000000000000000000000000000000000000000000000000000000000000000
000000000000000000000000000000000000000000000000000000000000000000000000000000000000000000000000000000000000000000000000000000000000000000000000000000000000000000000000000000000000000000000000000000000000000000000000000000000000
000000000000000000000000000000000000000000000000000000000000000000000000000000000000000000000000000000000000000000000000000000000000000000000000000000000000000000000000000000000000000000000000000000000000000000000000000000000000
000000000000000000000000000000000000000000000000000000000000000000000000000000000000000000000000000000000000000000000000000000000000000000000000000000000000000000000000000000000000000000000000000000000000000000000000000000000000
000000000000000000000000000000000000000000000000000000000000000000000000000000000000000000000000000000000000000000000000000000000000000000000000000000000000000000000000000000000000000000000000000000000000000000000000000000000000
000000000000000000000000000000000000000000000000000000000000000000000000000000000000000000000000000000000000000000000000000000000000000000000000000000000000000000000000000000000000000000000000000000000000000000000000000000000000
000000000000000000000000000000000000000000000000000000000000000000000000000000000000000000000000000000000000000000000000000000000000000000000000000000000000000000000000000000000000000000000000000000000000000000000000000000000000